#/Users/tracychin/Documents/School/Senior/Research/box_tiling/box_matchings.py
# GMT Fri Mar  8 21:09:22 2019
# 
(((0, 0, 0), (0, 1, 0)), ((0, 1, 1), (1, 1, 1)), ((1, 0, 1), (0, 0, 1)), ((1, 1, 0), (1, 0, 0))) (((0, 0, 0), (1, 0, 0)), ((0, 1, 1), (1, 1, 1)), ((1, 0, 1), (0, 0, 1)), ((1, 1, 0), (0, 1, 0))) (((0, 0, 0), (0, 1, 0)), ((0, 1, 1), (0, 0, 1)), ((1, 0, 1), (1, 1, 1)), ((1, 1, 0), (1, 0, 0)))
(((0, 0, 0), (1, 0, 0)), ((0, 1, 1), (0, 0, 1)), ((1, 0, 1), (1, 1, 1)), ((1, 1, 0), (0, 1, 0))) (((0, 0, 0), (1, 0, 0)), ((0, 1, 1), (1, 1, 1)), ((1, 0, 1), (0, 0, 1)), ((1, 1, 0), (0, 1, 0))) (((0, 0, 0), (0, 1, 0)), ((0, 1, 1), (0, 0, 1)), ((1, 0, 1), (1, 1, 1)), ((1, 1, 0), (1, 0, 0)))
(((0, 0, 0), (0, 0, 1)), ((0, 1, 1), (1, 1, 1)), ((1, 0, 1), (1, 0, 0)), ((1, 1, 0), (0, 1, 0))) (((0, 0, 0), (0, 0, 1)), ((0, 1, 1), (0, 1, 0)), ((1, 0, 1), (1, 0, 0)), ((1, 1, 0), (1, 1, 1))) (((0, 0, 0), (1, 0, 0)), ((0, 1, 1), (1, 1, 1)), ((1, 0, 1), (0, 0, 1)), ((1, 1, 0), (0, 1, 0)))
(((0, 0, 0), (0, 0, 1)), ((0, 1, 1), (0, 1, 0)), ((1, 0, 1), (1, 1, 1)), ((1, 1, 0), (1, 0, 0))) (((0, 0, 0), (0, 0, 1)), ((0, 1, 1), (0, 1, 0)), ((1, 0, 1), (1, 0, 0)), ((1, 1, 0), (1, 1, 1))) (((0, 0, 0), (0, 1, 0)), ((0, 1, 1), (0, 0, 1)), ((1, 0, 1), (1, 1, 1)), ((1, 1, 0), (1, 0, 0)))
(((0, 0, 0), (0, 0, 1)), ((0, 1, 1), (0, 1, 0)), ((1, 0, 1), (1, 0, 0)), ((1, 1, 0), (1, 1, 1))) (((0, 0, 0), (1, 0, 0)), ((0, 1, 1), (0, 1, 0)), ((1, 0, 1), (0, 0, 1)), ((1, 1, 0), (1, 1, 1))) (((0, 0, 0), (0, 1, 0)), ((0, 1, 1), (0, 0, 1)), ((1, 0, 1), (1, 0, 0)), ((1, 1, 0), (1, 1, 1)))
(((0, 0, 0), (1, 0, 0)), ((0, 1, 1), (1, 1, 1)), ((1, 0, 1), (0, 0, 1)), ((1, 1, 0), (0, 1, 0))) (((0, 0, 0), (1, 0, 0)), ((0, 1, 1), (0, 1, 0)), ((1, 0, 1), (0, 0, 1)), ((1, 1, 0), (1, 1, 1)))
(((0, 0, 0), (1, 0, 0)), ((0, 1, 1), (0, 1, 0)), ((1, 0, 1), (0, 0, 1)), ((1, 1, 0), (1, 1, 1)))
(((0, 0, 0), (0, 1, 0)), ((0, 1, 1), (0, 0, 1)), ((1, 0, 1), (1, 1, 1)), ((1, 1, 0), (1, 0, 0))) (((0, 0, 0), (0, 1, 0)), ((0, 1, 1), (0, 0, 1)), ((1, 0, 1), (1, 0, 0)), ((1, 1, 0), (1, 1, 1)))
(((0, 0, 0), (0, 1, 0)), ((0, 1, 1), (0, 0, 1)), ((1, 0, 1), (1, 0, 0)), ((1, 1, 0), (1, 1, 1)))
